scale: 0.028446799999999998
min_val: -3.798186
