scale: 0.031080623529411763
min_val: -3.927196
