scale: 0.0036796117647058826
min_val: -0.490192
