scale: 0.030453290196078432
min_val: -4.57492
