scale: 0.004040776470588235
min_val: -0.653756
