scale: 0.0022127058823529413
min_val: -0.272419
