scale: 0.0025198666666666667
min_val: -0.11483
